pocket:0
[0, 0, 945, 0, 490, 426][1297, 138, 0, 426]
pocket:1
[0, 0, 840, 0, 485, 405][1180, 145, 0, 405]
pocket:2
[0, 0, 867, 0, 520, 415][1226, 161, 0, 415]
pocket:3
[0, 0, 862, 0, 520, 419][1212, 170, 0, 419]
pocket:4
[0, 0, 883, 0, 523, 411][1222, 184, 0, 411]
pocket:5
[0, 0, 853, 0, 487, 396][1151, 189, 0, 396]
pocket:6
[0, 0, 812, 0, 483, 392][1115, 180, 0, 392]
pocket:7
[0, 0, 735, 0, 441, 368][1035, 141, 0, 368]
pocket:8
[0, 0, 603, 0, 382, 302][826, 159, 0, 302]
pocket:9
[0, 0, 507, 0, 269, 248][679, 97, 0, 248]
pocket:10
[0, 0, 334, 0, 217, 169][472, 79, 0, 169]
pocket:11
[0, 0, 228, 0, 128, 113][314, 42, 0, 113]
pocket:12
[0, 0, 128, 0, 77, 65][181, 24, 0, 65]
pocket:13
[0, 0, 74, 0, 47, 33][105, 16, 0, 33]
pocket:14
[0, 0, 29, 0, 18, 12][40, 7, 0, 12]
pocket:15
[0, 0, 12, 0, 7, 8][16, 3, 0, 8]
pocket:16
[0, 0, 2, 0, 3, 1][4, 1, 0, 1]
pocket:17
[0, 0, 1, 0, 0, 1][1, 0, 0, 1]
pocket:18
[0, 0, 1, 0, 0, 1][1, 0, 0, 1]
pocket:19
[0, 0, 1, 0, 0, 1][1, 0, 0, 1]
[[189, 136, 827, 218, 671, 1756],[204, 162, 756, 165, 650, 1571],[203, 166, 726, 177, 730, 1631],[217, 157, 732, 180, 656, 1518],[[226, 152, 756, 161, 709, 1618],[[